i                 xn1                      |f(xn1)|
1 3.059167373200865736e+00 3.6927457761e-03
2 3.057106054691599795e+00 4.4761505977e-06
3 3.057103549998436254e+00 6.6098237994e-12
i                 xn2                      |f(xn2)|
1 2.419218645889003039e+00 7.0770034137e-01
2 2.756039712206013181e+00 4.4219871598e-01
3 3.317022504001122307e+00 5.3548073166e-01
4 3.009768959371032171e+00 8.2229966821e-02
5 3.050670709725761931e+00 1.1452530996e-02
6 3.057289041659920770e+00 3.3152841948e-04
7 3.057102843928874769e+00 1.2618098428e-06
8 3.057103549917539631e+00 1.3796119802e-10
i                 xn1                      |f(xn1)|
1 6.883072460969515971e-01 2.8191260956e-02
2 6.820480690939008106e-01 3.2235691644e-04
3 6.819748188604164429e-01 4.4531198284e-08
i                 xn2                      |f(xn2)|
1 6.000000000000000888e-01 3.0211303259e-01
2 6.524931709804664415e-01 1.2235350222e-01
3 6.882226997487054243e-01 2.7810523743e-02
4 6.816055562499178100e-01 1.6234116577e-03
5 6.819705209666883094e-01 1.8864101342e-05
6 6.819748117285145961e-01 1.3154060508e-08
i                 xn1                      |f(xn1)|
1 1.042046610169490739e+00 5.0881459315e-01
2 1.095070234545689747e+00 3.9693365667e-02
3 1.099959957849026448e+00 3.1979795900e-04
4 1.099999997327960388e+00 2.1338898648e-08
i                 xn2                      |f(xn2)|
1 1.100000000000001643e+00 2.1316282073e-14
i                 xn1                      |f(xn1)|
1 2.199400753425041710e+00 1.5956284157e-03
2 2.199999837218695742e+00 4.3332385502e-07
i                 xn2                      |f(xn2)|
1 2.208962154631992192e+00 2.3758490968e-02
2 2.199357333224409849e+00 1.7112781274e-03
3 2.200002667727853023e+00 7.1014829146e-06
4 2.200000000778173703e+00 2.0715091864e-09
i                 xn1                      |f(xn1)|
1 3.303227113772987611e+00 8.6031040762e-03
2 3.300004664519568198e+00 1.2416977363e-05
3 3.300000000009910117e+00 2.6311397505e-11
i                 xn2                      |f(xn2)|
1 3.300000000000012257e+00 6.3948846218e-14
i                 xn1                      |f(xn1)|
1 4.493744853894647839e+00 8.7113055027e-01
2 4.412015995526431311e+00 9.7892964605e-02
3 4.400234056965278917e+00 1.8699081665e-03
4 4.400000091254436363e+00 7.2875798907e-07
i                 xn2                      |f(xn2)|
1 4.451015481630083315e+00 4.4293303522e-01
2 4.394856271869498343e+00 4.0726555191e-02
3 4.399585158055451473e+00 3.3106376713e-03
4 4.400003579673534837e+00 2.8587443587e-05
5 4.399999997523787343e+00 1.9775079352e-08
i                 xn1                      |f(xn1)|
1 2.718281813848708595e+00 5.3748424600e-09
i                 xn1                      |f(xn1)|
1 2.718281745910644531e+00 5.9604644775e-08
