확률밀도 함수의 분산: 0.023213
난수 생성으로 만들어진 xi데이터의 분산: 0.023113
난수 생성으로 만들어진 xi데이터: 
0.000000 37
0.010101 48
0.020202 57
0.030303 74
0.040404 73
0.050505 86
0.060606 85
0.070707 115
0.080808 119
0.090909 122
0.101010 116
0.111111 154
0.121212 147
0.131313 217
0.141414 196
0.151515 250
0.161616 269
0.171717 312
0.181818 357
0.191919 490
0.202020 535
0.212121 631
0.222222 688
0.232323 823
0.242424 925
0.252525 968
0.262626 1115
0.272727 1316
0.282828 1457
0.292929 1707
0.303030 1853
0.313131 2007
0.323232 2096
0.333333 2169
0.343434 2322
0.353535 2367
0.363636 2495
0.373737 2478
0.383838 2558
0.393939 2589
0.404040 2709
0.414141 2672
0.424242 2607
0.434343 2556
0.444444 2709
0.454545 2689
0.464646 2557
0.474747 2546
0.484849 2578
0.494950 2570
0.505050 2482
0.515152 2371
0.525253 2452
0.535354 2367
0.545455 2274
0.555556 2272
0.565657 2126
0.575758 2043
0.585859 2040
0.595960 1869
0.606061 1708
0.616162 1530
0.626263 1303
0.636364 1188
0.646465 1039
0.656566 861
0.666667 757
0.676768 642
0.686869 534
0.696970 507
0.707071 431
0.717172 386
0.727273 298
0.737374 245
0.747475 230
0.757576 230
0.767677 180
0.777778 162
0.787879 154
0.797980 158
0.808081 151
0.818182 173
0.828283 167
0.838384 154
0.848485 137
0.858586 141
0.868687 131
0.878788 142
0.888889 122
0.898990 146
0.909091 116
0.919192 107
0.929293 143
0.939394 139
0.949495 111
0.959596 106
0.969697 140
0.979798 112
0.989899 107
1.000000 0
