100 0.010101
0.000000 0.039481
0.010101 0.045538
0.020202 0.053808
0.030303 0.063648
0.040404 0.074410
0.050505 0.085450
0.060606 0.096123
0.070707 0.105444
0.080808 0.113435
0.090909 0.121171
0.101010 0.129690
0.111111 0.140030
0.121212 0.153229
0.131313 0.171202
0.141414 0.195256
0.151515 0.222837
0.161616 0.253364
0.171717 0.286257
0.181818 0.320934
0.191919 0.398296
0.202020 0.498787
0.212121 0.591104
0.222222 0.664380
0.232323 0.742699
0.242424 0.827929
0.252525 0.930877
0.262626 1.045329
0.272727 1.174508
0.282828 1.342928
0.292929 1.559458
0.303030 1.789919
0.313131 1.907878
0.323232 2.005343
0.333333 2.106611
0.343434 2.206927
0.353535 2.301533
0.363636 2.385673
0.373737 2.454590
0.383838 2.506622
0.393939 2.543913
0.404040 2.568244
0.414141 2.582139
0.424242 2.588118
0.434343 2.588703
0.444444 2.586416
0.454545 2.582203
0.464646 2.573543
0.474747 2.560745
0.484849 2.544243
0.494950 2.524469
0.505050 2.501857
0.515152 2.476840
0.525253 2.449851
0.535354 2.411985
0.545455 2.358890
0.555556 2.299024
0.565657 2.230810
0.575758 2.152671
0.585859 2.052154
0.595960 1.917821
0.606061 1.770257
0.616162 1.622826
0.626263 1.463274
0.636364 1.267189
0.646465 1.083527
0.656566 0.924686
0.666667 0.784007
0.676768 0.655201
0.686869 0.571488
0.696970 0.499568
0.707071 0.432478
0.717172 0.372383
0.727273 0.320095
0.737374 0.273047
0.747475 0.237124
0.757576 0.209076
0.767677 0.188049
0.777778 0.178040
0.787879 0.170773
0.797980 0.165544
0.808081 0.161650
0.818182 0.158390
0.828283 0.155060
0.838384 0.150952
0.848485 0.146256
0.858586 0.141686
0.868687 0.137359
0.878788 0.133392
0.888889 0.129901
0.898990 0.127003
0.909091 0.124747
0.919192 0.123280
0.929293 0.123142
0.939394 0.123764
0.949495 0.124579
0.959596 0.125021
0.969697 0.125024
0.979798 0.125024
0.989899 0.125024
1.000000 0.125024
