100 5.595960
24.000000 6.000000
29.595959 6.920418
35.191917 8.177317
40.787880 9.672606
46.383839 11.308192
51.979797 12.985985
57.575760 14.607895
63.171719 16.024477
68.767677 17.238890
74.363640 18.414536
79.959595 19.709166
85.555557 21.280525
91.151520 23.286364
96.747475 26.017807
102.343437 29.673401
107.939392 33.864922
113.535355 38.504135
119.131317 43.502811
124.727272 48.772717
130.323227 60.529663
135.919189 75.801407
141.515152 89.830925
147.111115 100.966751
152.707077 112.869019
158.303040 125.821564
163.898987 141.466660
169.494949 158.860184
175.090912 178.491623
180.686874 204.086578
186.282837 236.992996
191.878784 272.016571
197.474747 289.942902
203.070709 304.754791
208.666672 320.144684
214.262634 335.389771
219.858582 349.767181
225.454544 362.554047
231.050507 373.027527
236.646469 380.934875
242.242432 386.601990
247.838379 390.299713
253.434341 392.411285
259.030304 393.319916
264.626251 393.408813
270.222229 393.061218
275.818176 392.420959
281.414154 391.104919
287.010101 389.160034
292.606079 386.652191
298.202026 383.647125
303.797974 380.210754
309.393951 376.408813
314.989899 372.307220
320.585876 366.552704
326.181824 358.483887
331.777771 349.385895
337.373749 339.019257
342.969696 327.144501
348.565674 311.868774
354.161621 291.453949
359.757568 269.028473
365.353546 246.623138
370.949493 222.375763
376.545471 192.576553
382.141418 164.665100
387.737366 140.525864
393.333344 119.146683
398.929291 99.571785
404.525269 86.849876
410.121216 75.920036
415.717163 65.724258
421.313141 56.591537
426.909088 48.645226
432.505066 41.495331
438.101013 36.036007
443.696960 31.773546
449.292938 28.578043
454.888885 27.057043
460.484863 25.952595
466.080811 25.157913
471.676758 24.566214
477.272736 24.070713
482.868683 23.564625
488.464661 22.940432
494.060608 22.226751
499.656586 21.532269
505.252533 20.874706
510.848480 20.271791
516.444458 19.741245
522.040405 19.300797
527.636353 18.958017
533.232300 18.735075
538.828308 18.713987
544.424255 18.808535
550.020203 18.932497
555.616150 18.999655
561.212158 19.000000
566.808105 19.000000
572.404053 19.000000
578.000000 19.000000
