100 0.010101
0.000000 0.116248
0.010101 0.135257
0.020202 0.162281
0.030303 0.194003
0.040404 0.227111
0.050505 0.261751
0.060606 0.298685
0.070707 0.338811
0.080808 0.383900
0.090909 0.453171
0.101010 0.529272
0.111111 0.614160
0.121212 0.729005
0.131313 0.837392
0.141414 0.933840
0.151515 1.026595
0.161616 1.113315
0.171717 1.199100
0.181818 1.259716
0.191919 1.312390
0.202020 1.356886
0.212121 1.384683
0.222222 1.390526
0.232323 1.376870
0.242424 1.351577
0.252525 1.313482
0.262626 1.255905
0.272727 1.191400
0.282828 1.136433
0.292929 1.077869
0.303030 1.021688
0.313131 0.960968
0.323232 0.900826
0.333333 0.850213
0.343434 0.811286
0.353535 0.776560
0.363636 0.751761
0.373737 0.739076
0.383838 0.727597
0.393939 0.717638
0.404040 0.709510
0.414141 0.703526
0.424242 0.700038
0.434343 0.698071
0.444444 0.697145
0.454545 0.697673
0.464646 0.700064
0.474747 0.704730
0.484848 0.712082
0.494950 0.725203
0.505050 0.758895
0.515152 0.802194
0.525253 0.847871
0.535354 0.889203
0.545455 0.929791
0.555556 0.972289
0.565657 1.018402
0.575758 1.072925
0.585859 1.131258
0.595960 1.195743
0.606061 1.279524
0.616162 1.383320
0.626263 1.484145
0.636364 1.560956
0.646465 1.629644
0.656566 1.689155
0.666667 1.729592
0.676768 1.755506
0.686869 1.776890
0.696970 1.792449
0.707071 1.800889
0.717172 1.801056
0.727273 1.793569
0.737374 1.779842
0.747475 1.761346
0.757576 1.739554
0.767677 1.715938
0.777778 1.686436
0.787879 1.637573
0.797980 1.581714
0.808081 1.519881
0.818182 1.451262
0.828283 1.375923
0.838384 1.297424
0.848485 1.225890
0.858586 1.157802
0.868687 1.088811
0.878788 1.021225
0.888889 0.942934
0.898990 0.852571
0.909091 0.768657
0.919192 0.671030
0.929293 0.575480
0.939394 0.493157
0.949495 0.410861
0.959596 0.327550
0.969697 0.240432
0.979798 0.173553
0.989899 0.137363
1.000000 0.122706
