0.861047011603659
0.380085859760584
0.900016059364134
0.258807687780063
0.513456425869663
0.207238080743991
0.760577821907646
0.557160870252119
0.290365194763581
0.097801598727528
0.720060909377935
0.739247405152128
0.688719395613589
0.838919835405250
0.700935704087897
0.862255008825741
0.617252439384174
0.788322185479046
0.543149082579475
0.177129266718111
0.881131036854640
0.352305964152038
0.187555125179642
0.789931701125170
0.424757082037104
0.112938648766431
0.791889938722306
0.512725545057037
0.843482780408522
0.765544261907053
0.394113838869089
0.148053001430526
0.299960172727879
0.411285282978497
0.207594050363696
0.888877949160815
0.365698583926132
0.284615811899130
0.717907315418415
0.311590578327014
0.314286732296750
0.933597016861313
0.652634943784506
0.451076560253568
0.393433575947711
0.691904483748658
0.030487970572722
0.800500665056461
0.699660720762040
0.686556741558888
