100 5.656566
24.000000 36.000000
29.656567 41.886913
35.313133 50.255558
40.969696 60.079514
46.626263 70.332367
52.282829 81.059792
57.939392 92.497650
63.595959 104.923851
69.252525 118.887306
74.909088 140.339493
80.565659 163.906525
86.222221 190.195053
91.878784 225.760574
97.535355 259.326141
103.191917 289.194366
108.848488 317.919037
114.505051 344.774658
120.161613 371.341003
125.818184 390.112701
131.474747 406.424957
137.131317 420.204407
142.787872 428.812653
148.444443 430.622345
154.101013 426.393372
159.757568 418.560272
165.414139 406.762939
171.070709 388.932495
176.727280 368.956299
182.383835 351.933960
188.040405 333.797729
193.696976 316.399261
199.353531 297.595337
205.010101 278.970551
210.666672 263.296570
216.323227 251.241379
221.979797 240.487549
227.636368 232.807602
233.292923 228.879135
238.949493 225.324448
244.606064 222.240265
250.262634 219.723267
255.919189 217.870163
261.575745 216.789993
267.232330 216.180649
272.888885 215.893997
278.545441 216.057312
284.202026 216.797821
289.858582 218.242813
295.515137 220.519531
301.171722 224.583176
306.828278 235.016724
312.484863 248.425964
318.141418 262.571136
323.797974 275.371002
329.454559 287.940338
335.111115 301.101379
340.767670 315.381866
346.424255 332.266571
352.080811 350.331268
357.737366 370.301208
363.393951 396.246674
369.050507 428.390808
374.707062 459.614563
380.363647 483.401550
386.020203 504.672913
391.676758 523.102661
397.333344 535.625244
402.989899 543.650452
408.646454 550.272522
414.303040 555.090881
419.959595 557.704712
425.616150 557.756348
431.272736 555.437927
436.929291 551.186890
442.585846 545.459045
448.242432 538.710388
453.898987 531.396729
459.555542 522.260620
465.212128 507.128601
470.868683 489.829926
476.525269 470.681274
482.181824 449.431244
487.838379 426.100006
493.494965 401.790131
499.151520 379.637329
504.808075 358.551483
510.464661 337.186340
516.121216 316.255890
521.777771 292.010498
527.434326 264.026794
533.090881 238.040054
538.747498 207.806686
544.404053 178.216354
550.060608 152.722397
555.717163 127.236595
561.373718 101.436562
567.030273 74.457664
572.686890 53.746357
578.343445 42.539063
584.000000 38.000000
